Suite de Syracuse de l'entier 1: 1 
Suite de Syracuse de l'entier 2: 2 1 
Suite de Syracuse de l'entier 3: 3 10 5 16 8 4 2 1 
Suite de Syracuse de l'entier 4: 4 2 1 
Suite de Syracuse de l'entier 5: 5 16 8 4 2 1 
Suite de Syracuse de l'entier 6: 6 3 10 5 16 8 4 2 1 
Suite de Syracuse de l'entier 7: 7 22 11 34 17 52 26 13 40 20 10 5 16 8 4 2 1 
Suite de Syracuse de l'entier 8: 8 4 2 1 
Suite de Syracuse de l'entier 9: 9 28 14 7 22 11 34 17 52 26 13 40 20 10 5 16 8 4 2 1 
Suite de Syracuse de l'entier 10: 10 5 16 8 4 2 1 
Suite de Syracuse de l'entier 11: 11 34 17 52 26 13 40 20 10 5 16 8 4 2 1 
Suite de Syracuse de l'entier 12: 12 6 3 10 5 16 8 4 2 1 
Suite de Syracuse de l'entier 13: 13 40 20 10 5 16 8 4 2 1 
Suite de Syracuse de l'entier 14: 14 7 22 11 34 17 52 26 13 40 20 10 5 16 8 4 2 1 
Suite de Syracuse de l'entier 15: 15 46 23 70 35 106 53 160 80 40 20 10 5 16 8 4 2 1 
Suite de Syracuse de l'entier 16: 16 8 4 2 1 
Suite de Syracuse de l'entier 17: 17 52 26 13 40 20 10 5 16 8 4 2 1 
Suite de Syracuse de l'entier 18: 18 9 28 14 7 22 11 34 17 52 26 13 40 20 10 5 16 8 4 2 1 
Suite de Syracuse de l'entier 19: 19 58 29 88 44 22 11 34 17 52 26 13 40 20 10 5 16 8 4 2 1 
Suite de Syracuse de l'entier 20: 20 10 5 16 8 4 2 1 
Suite de Syracuse de l'entier 21: 21 64 32 16 8 4 2 1 
Suite de Syracuse de l'entier 22: 22 11 34 17 52 26 13 40 20 10 5 16 8 4 2 1 
Suite de Syracuse de l'entier 23: 23 70 35 106 53 160 80 40 20 10 5 16 8 4 2 1 
Suite de Syracuse de l'entier 24: 24 12 6 3 10 5 16 8 4 2 1 
Suite de Syracuse de l'entier 25: 25 76 38 19 58 29 88 44 22 11 34 17 52 26 13 40 20 10 5 16 8 4 2 1 
Suite de Syracuse de l'entier 26: 26 13 40 20 10 5 16 8 4 2 1 
Suite de Syracuse de l'entier 27: 27 82 41 124 62 31 94 47 142 71 214 107 322 161 484 242 121 364 182 91 274 137 412 206 103 310 155 466 233 700 350 175 526 263 790 395 1186 593 1780 890 445 1336 668 334 167 502 251 754 377 1132 566 283 850 425 1276 638 319 958 479 1438 719 2158 1079 3238 1619 4858 2429 7288 3644 1822 911 2734 1367 4102 2051 6154 3077 9232 4616 2308 1154 577 1732 866 433 1300 650 325 976 488 244 122 61 184 92 46 23 70 35 106 53 160 80 40 20 10 5 16 8 4 2 1 
Suite de Syracuse de l'entier 28: 28 14 7 22 11 34 17 52 26 13 40 20 10 5 16 8 4 2 1 
Suite de Syracuse de l'entier 29: 29 88 44 22 11 34 17 52 26 13 40 20 10 5 16 8 4 2 1 
Suite de Syracuse de l'entier 30: 30 15 46 23 70 35 106 53 160 80 40 20 10 5 16 8 4 2 1 
Suite de Syracuse de l'entier 31: 31 94 47 142 71 214 107 322 161 484 242 121 364 182 91 274 137 412 206 103 310 155 466 233 700 350 175 526 263 790 395 1186 593 1780 890 445 1336 668 334 167 502 251 754 377 1132 566 283 850 425 1276 638 319 958 479 1438 719 2158 1079 3238 1619 4858 2429 7288 3644 1822 911 2734 1367 4102 2051 6154 3077 9232 4616 2308 1154 577 1732 866 433 1300 650 325 976 488 244 122 61 184 92 46 23 70 35 106 53 160 80 40 20 10 5 16 8 4 2 1 
Suite de Syracuse de l'entier 32: 32 16 8 4 2 1 
Suite de Syracuse de l'entier 33: 33 100 50 25 76 38 19 58 29 88 44 22 11 34 17 52 26 13 40 20 10 5 16 8 4 2 1 
Suite de Syracuse de l'entier 34: 34 17 52 26 13 40 20 10 5 16 8 4 2 1 
Suite de Syracuse de l'entier 35: 35 106 53 160 80 40 20 10 5 16 8 4 2 1 
Suite de Syracuse de l'entier 36: 36 18 9 28 14 7 22 11 34 17 52 26 13 40 20 10 5 16 8 4 2 1 
Suite de Syracuse de l'entier 37: 37 112 56 28 14 7 22 11 34 17 52 26 13 40 20 10 5 16 8 4 2 1 
Suite de Syracuse de l'entier 38: 38 19 58 29 88 44 22 11 34 17 52 26 13 40 20 10 5 16 8 4 2 1 
Suite de Syracuse de l'entier 39: 39 118 59 178 89 268 134 67 202 101 304 152 76 38 19 58 29 88 44 22 11 34 17 52 26 13 40 20 10 5 16 8 4 2 1 
Suite de Syracuse de l'entier 40: 40 20 10 5 16 8 4 2 1 
Suite de Syracuse de l'entier 41: 41 124 62 31 94 47 142 71 214 107 322 161 484 242 121 364 182 91 274 137 412 206 103 310 155 466 233 700 350 175 526 263 790 395 1186 593 1780 890 445 1336 668 334 167 502 251 754 377 1132 566 283 850 425 1276 638 319 958 479 1438 719 2158 1079 3238 1619 4858 2429 7288 3644 1822 911 2734 1367 4102 2051 6154 3077 9232 4616 2308 1154 577 1732 866 433 1300 650 325 976 488 244 122 61 184 92 46 23 70 35 106 53 160 80 40 20 10 5 16 8 4 2 1 
Suite de Syracuse de l'entier 42: 42 21 64 32 16 8 4 2 1 
Suite de Syracuse de l'entier 43: 43 130 65 196 98 49 148 74 37 112 56 28 14 7 22 11 34 17 52 26 13 40 20 10 5 16 8 4 2 1 
Suite de Syracuse de l'entier 44: 44 22 11 34 17 52 26 13 40 20 10 5 16 8 4 2 1 
Suite de Syracuse de l'entier 45: 45 136 68 34 17 52 26 13 40 20 10 5 16 8 4 2 1 
Suite de Syracuse de l'entier 46: 46 23 70 35 106 53 160 80 40 20 10 5 16 8 4 2 1 
Suite de Syracuse de l'entier 47: 47 142 71 214 107 322 161 484 242 121 364 182 91 274 137 412 206 103 310 155 466 233 700 350 175 526 263 790 395 1186 593 1780 890 445 1336 668 334 167 502 251 754 377 1132 566 283 850 425 1276 638 319 958 479 1438 719 2158 1079 3238 1619 4858 2429 7288 3644 1822 911 2734 1367 4102 2051 6154 3077 9232 4616 2308 1154 577 1732 866 433 1300 650 325 976 488 244 122 61 184 92 46 23 70 35 106 53 160 80 40 20 10 5 16 8 4 2 1 
Suite de Syracuse de l'entier 48: 48 24 12 6 3 10 5 16 8 4 2 1 
Suite de Syracuse de l'entier 49: 49 148 74 37 112 56 28 14 7 22 11 34 17 52 26 13 40 20 10 5 16 8 4 2 1 
Suite de Syracuse de l'entier 50: 50 25 76 38 19 58 29 88 44 22 11 34 17 52 26 13 40 20 10 5 16 8 4 2 1 
Suite de Syracuse de l'entier 51: 51 154 77 232 116 58 29 88 44 22 11 34 17 52 26 13 40 20 10 5 16 8 4 2 1 
Suite de Syracuse de l'entier 52: 52 26 13 40 20 10 5 16 8 4 2 1 
Suite de Syracuse de l'entier 53: 53 160 80 40 20 10 5 16 8 4 2 1 
Suite de Syracuse de l'entier 54: 54 27 82 41 124 62 31 94 47 142 71 214 107 322 161 484 242 121 364 182 91 274 137 412 206 103 310 155 466 233 700 350 175 526 263 790 395 1186 593 1780 890 445 1336 668 334 167 502 251 754 377 1132 566 283 850 425 1276 638 319 958 479 1438 719 2158 1079 3238 1619 4858 2429 7288 3644 1822 911 2734 1367 4102 2051 6154 3077 9232 4616 2308 1154 577 1732 866 433 1300 650 325 976 488 244 122 61 184 92 46 23 70 35 106 53 160 80 40 20 10 5 16 8 4 2 1 
Suite de Syracuse de l'entier 55: 55 166 83 250 125 376 188 94 47 142 71 214 107 322 161 484 242 121 364 182 91 274 137 412 206 103 310 155 466 233 700 350 175 526 263 790 395 1186 593 1780 890 445 1336 668 334 167 502 251 754 377 1132 566 283 850 425 1276 638 319 958 479 1438 719 2158 1079 3238 1619 4858 2429 7288 3644 1822 911 2734 1367 4102 2051 6154 3077 9232 4616 2308 1154 577 1732 866 433 1300 650 325 976 488 244 122 61 184 92 46 23 70 35 106 53 160 80 40 20 10 5 16 8 4 2 1 
Suite de Syracuse de l'entier 56: 56 28 14 7 22 11 34 17 52 26 13 40 20 10 5 16 8 4 2 1 
Suite de Syracuse de l'entier 57: 57 172 86 43 130 65 196 98 49 148 74 37 112 56 28 14 7 22 11 34 17 52 26 13 40 20 10 5 16 8 4 2 1 
Suite de Syracuse de l'entier 58: 58 29 88 44 22 11 34 17 52 26 13 40 20 10 5 16 8 4 2 1 
Suite de Syracuse de l'entier 59: 59 178 89 268 134 67 202 101 304 152 76 38 19 58 29 88 44 22 11 34 17 52 26 13 40 20 10 5 16 8 4 2 1 
Suite de Syracuse de l'entier 60: 60 30 15 46 23 70 35 106 53 160 80 40 20 10 5 16 8 4 2 1 
Suite de Syracuse de l'entier 61: 61 184 92 46 23 70 35 106 53 160 80 40 20 10 5 16 8 4 2 1 
Suite de Syracuse de l'entier 62: 62 31 94 47 142 71 214 107 322 161 484 242 121 364 182 91 274 137 412 206 103 310 155 466 233 700 350 175 526 263 790 395 1186 593 1780 890 445 1336 668 334 167 502 251 754 377 1132 566 283 850 425 1276 638 319 958 479 1438 719 2158 1079 3238 1619 4858 2429 7288 3644 1822 911 2734 1367 4102 2051 6154 3077 9232 4616 2308 1154 577 1732 866 433 1300 650 325 976 488 244 122 61 184 92 46 23 70 35 106 53 160 80 40 20 10 5 16 8 4 2 1 
Suite de Syracuse de l'entier 63: 63 190 95 286 143 430 215 646 323 970 485 1456 728 364 182 91 274 137 412 206 103 310 155 466 233 700 350 175 526 263 790 395 1186 593 1780 890 445 1336 668 334 167 502 251 754 377 1132 566 283 850 425 1276 638 319 958 479 1438 719 2158 1079 3238 1619 4858 2429 7288 3644 1822 911 2734 1367 4102 2051 6154 3077 9232 4616 2308 1154 577 1732 866 433 1300 650 325 976 488 244 122 61 184 92 46 23 70 35 106 53 160 80 40 20 10 5 16 8 4 2 1 
Suite de Syracuse de l'entier 64: 64 32 16 8 4 2 1 
Suite de Syracuse de l'entier 65: 65 196 98 49 148 74 37 112 56 28 14 7 22 11 34 17 52 26 13 40 20 10 5 16 8 4 2 1 
Suite de Syracuse de l'entier 66: 66 33 100 50 25 76 38 19 58 29 88 44 22 11 34 17 52 26 13 40 20 10 5 16 8 4 2 1 
Suite de Syracuse de l'entier 67: 67 202 101 304 152 76 38 19 58 29 88 44 22 11 34 17 52 26 13 40 20 10 5 16 8 4 2 1 
Suite de Syracuse de l'entier 68: 68 34 17 52 26 13 40 20 10 5 16 8 4 2 1 
Suite de Syracuse de l'entier 69: 69 208 104 52 26 13 40 20 10 5 16 8 4 2 1 
Suite de Syracuse de l'entier 70: 70 35 106 53 160 80 40 20 10 5 16 8 4 2 1 
Suite de Syracuse de l'entier 71: 71 214 107 322 161 484 242 121 364 182 91 274 137 412 206 103 310 155 466 233 700 350 175 526 263 790 395 1186 593 1780 890 445 1336 668 334 167 502 251 754 377 1132 566 283 850 425 1276 638 319 958 479 1438 719 2158 1079 3238 1619 4858 2429 7288 3644 1822 911 2734 1367 4102 2051 6154 3077 9232 4616 2308 1154 577 1732 866 433 1300 650 325 976 488 244 122 61 184 92 46 23 70 35 106 53 160 80 40 20 10 5 16 8 4 2 1 
Suite de Syracuse de l'entier 72: 72 36 18 9 28 14 7 22 11 34 17 52 26 13 40 20 10 5 16 8 4 2 1 
Suite de Syracuse de l'entier 73: 73 220 110 55 166 83 250 125 376 188 94 47 142 71 214 107 322 161 484 242 121 364 182 91 274 137 412 206 103 310 155 466 233 700 350 175 526 263 790 395 1186 593 1780 890 445 1336 668 334 167 502 251 754 377 1132 566 283 850 425 1276 638 319 958 479 1438 719 2158 1079 3238 1619 4858 2429 7288 3644 1822 911 2734 1367 4102 2051 6154 3077 9232 4616 2308 1154 577 1732 866 433 1300 650 325 976 488 244 122 61 184 92 46 23 70 35 106 53 160 80 40 20 10 5 16 8 4 2 1 
Suite de Syracuse de l'entier 74: 74 37 112 56 28 14 7 22 11 34 17 52 26 13 40 20 10 5 16 8 4 2 1 
Suite de Syracuse de l'entier 75: 75 226 113 340 170 85 256 128 64 32 16 8 4 2 1 
Suite de Syracuse de l'entier 76: 76 38 19 58 29 88 44 22 11 34 17 52 26 13 40 20 10 5 16 8 4 2 1 
Suite de Syracuse de l'entier 77: 77 232 116 58 29 88 44 22 11 34 17 52 26 13 40 20 10 5 16 8 4 2 1 
Suite de Syracuse de l'entier 78: 78 39 118 59 178 89 268 134 67 202 101 304 152 76 38 19 58 29 88 44 22 11 34 17 52 26 13 40 20 10 5 16 8 4 2 1 
Suite de Syracuse de l'entier 79: 79 238 119 358 179 538 269 808 404 202 101 304 152 76 38 19 58 29 88 44 22 11 34 17 52 26 13 40 20 10 5 16 8 4 2 1 
Suite de Syracuse de l'entier 80: 80 40 20 10 5 16 8 4 2 1 
Suite de Syracuse de l'entier 81: 81 244 122 61 184 92 46 23 70 35 106 53 160 80 40 20 10 5 16 8 4 2 1 
Suite de Syracuse de l'entier 82: 82 41 124 62 31 94 47 142 71 214 107 322 161 484 242 121 364 182 91 274 137 412 206 103 310 155 466 233 700 350 175 526 263 790 395 1186 593 1780 890 445 1336 668 334 167 502 251 754 377 1132 566 283 850 425 1276 638 319 958 479 1438 719 2158 1079 3238 1619 4858 2429 7288 3644 1822 911 2734 1367 4102 2051 6154 3077 9232 4616 2308 1154 577 1732 866 433 1300 650 325 976 488 244 122 61 184 92 46 23 70 35 106 53 160 80 40 20 10 5 16 8 4 2 1 
Suite de Syracuse de l'entier 83: 83 250 125 376 188 94 47 142 71 214 107 322 161 484 242 121 364 182 91 274 137 412 206 103 310 155 466 233 700 350 175 526 263 790 395 1186 593 1780 890 445 1336 668 334 167 502 251 754 377 1132 566 283 850 425 1276 638 319 958 479 1438 719 2158 1079 3238 1619 4858 2429 7288 3644 1822 911 2734 1367 4102 2051 6154 3077 9232 4616 2308 1154 577 1732 866 433 1300 650 325 976 488 244 122 61 184 92 46 23 70 35 106 53 160 80 40 20 10 5 16 8 4 2 1 
Suite de Syracuse de l'entier 84: 84 42 21 64 32 16 8 4 2 1 
Suite de Syracuse de l'entier 85: 85 256 128 64 32 16 8 4 2 1 
Suite de Syracuse de l'entier 86: 86 43 130 65 196 98 49 148 74 37 112 56 28 14 7 22 11 34 17 52 26 13 40 20 10 5 16 8 4 2 1 
Suite de Syracuse de l'entier 87: 87 262 131 394 197 592 296 148 74 37 112 56 28 14 7 22 11 34 17 52 26 13 40 20 10 5 16 8 4 2 1 
Suite de Syracuse de l'entier 88: 88 44 22 11 34 17 52 26 13 40 20 10 5 16 8 4 2 1 
Suite de Syracuse de l'entier 89: 89 268 134 67 202 101 304 152 76 38 19 58 29 88 44 22 11 34 17 52 26 13 40 20 10 5 16 8 4 2 1 
Suite de Syracuse de l'entier 90: 90 45 136 68 34 17 52 26 13 40 20 10 5 16 8 4 2 1 
Suite de Syracuse de l'entier 91: 91 274 137 412 206 103 310 155 466 233 700 350 175 526 263 790 395 1186 593 1780 890 445 1336 668 334 167 502 251 754 377 1132 566 283 850 425 1276 638 319 958 479 1438 719 2158 1079 3238 1619 4858 2429 7288 3644 1822 911 2734 1367 4102 2051 6154 3077 9232 4616 2308 1154 577 1732 866 433 1300 650 325 976 488 244 122 61 184 92 46 23 70 35 106 53 160 80 40 20 10 5 16 8 4 2 1 
Suite de Syracuse de l'entier 92: 92 46 23 70 35 106 53 160 80 40 20 10 5 16 8 4 2 1 
Suite de Syracuse de l'entier 93: 93 280 140 70 35 106 53 160 80 40 20 10 5 16 8 4 2 1 
Suite de Syracuse de l'entier 94: 94 47 142 71 214 107 322 161 484 242 121 364 182 91 274 137 412 206 103 310 155 466 233 700 350 175 526 263 790 395 1186 593 1780 890 445 1336 668 334 167 502 251 754 377 1132 566 283 850 425 1276 638 319 958 479 1438 719 2158 1079 3238 1619 4858 2429 7288 3644 1822 911 2734 1367 4102 2051 6154 3077 9232 4616 2308 1154 577 1732 866 433 1300 650 325 976 488 244 122 61 184 92 46 23 70 35 106 53 160 80 40 20 10 5 16 8 4 2 1 
Suite de Syracuse de l'entier 95: 95 286 143 430 215 646 323 970 485 1456 728 364 182 91 274 137 412 206 103 310 155 466 233 700 350 175 526 263 790 395 1186 593 1780 890 445 1336 668 334 167 502 251 754 377 1132 566 283 850 425 1276 638 319 958 479 1438 719 2158 1079 3238 1619 4858 2429 7288 3644 1822 911 2734 1367 4102 2051 6154 3077 9232 4616 2308 1154 577 1732 866 433 1300 650 325 976 488 244 122 61 184 92 46 23 70 35 106 53 160 80 40 20 10 5 16 8 4 2 1 
Suite de Syracuse de l'entier 96: 96 48 24 12 6 3 10 5 16 8 4 2 1 
Suite de Syracuse de l'entier 97: 97 292 146 73 220 110 55 166 83 250 125 376 188 94 47 142 71 214 107 322 161 484 242 121 364 182 91 274 137 412 206 103 310 155 466 233 700 350 175 526 263 790 395 1186 593 1780 890 445 1336 668 334 167 502 251 754 377 1132 566 283 850 425 1276 638 319 958 479 1438 719 2158 1079 3238 1619 4858 2429 7288 3644 1822 911 2734 1367 4102 2051 6154 3077 9232 4616 2308 1154 577 1732 866 433 1300 650 325 976 488 244 122 61 184 92 46 23 70 35 106 53 160 80 40 20 10 5 16 8 4 2 1 
Suite de Syracuse de l'entier 98: 98 49 148 74 37 112 56 28 14 7 22 11 34 17 52 26 13 40 20 10 5 16 8 4 2 1 
Suite de Syracuse de l'entier 99: 99 298 149 448 224 112 56 28 14 7 22 11 34 17 52 26 13 40 20 10 5 16 8 4 2 1 
Suite de Syracuse de l'entier 100: 100 50 25 76 38 19 58 29 88 44 22 11 34 17 52 26 13 40 20 10 5 16 8 4 2 1 
